74
97
118
97
32
40
119
121
109
46
32
100
380
97
119
97
91
51
93
41
32
8211
32
119
115
112
243
322
98
105
101
380
110
121
44
32
111
112
97
114
116
121
32
110
97
32
107
108
97
115
97
99
104
44
32
111
98
105
101
107
116
111
119
121
32
106
281
122
121
107
32
112
114
111
103
114
97
109
111
119
97
110
105
97
32
111
103
243
108
110
101
103
111
32
122
97
115
116
111
115
111
119
97
110
105
97
91
52
93
46
32
90
111
115
116
97
322
32
115
116
119
111
114
122
111
110
121
32
112
114
122
101
122
32
103
114
117
112
281
32
114
111
98
111
99
122
261
32
112
111
100
32
107
105
101
114
117
110
107
105
101
109
32
74
97
109
101
115
97
32
71
111
115
108
105
110
103
97
32
122
32
102
105
114
109
121
32
83
117
110
32
77
105
99
114
111
115
121
115
116
101
109
115
46
32
74
97
118
97
32
106
101
115
116
32
106
281
122
121
107
105
101
109
32
116
119
111
114
122
101
110
105
97
32
112
114
111
103
114
97
109
243
119
32
378
114
243
100
322
111
119
121
99
104
32
107
111
109
112
105
108
111
119
97
110
121
99
104
32
100
111
32
107
111
100
117
32
98
97
106
116
111
119
101
103
111
44
32
99
122
121
108
105
32
112
111
115
116
97
99
105
32
119
121
107
111
110
121
119
97
110
101
106
32
112
114
122
101
122
32
109
97
115
122
121
110
281
32
119
105
114
116
117
97
108
110
261
46
32
74
281
122
121
107
32
99
101
99
104
117
106
101
32
115
105
281
32
115
105
108
110
121
109
32
116
121
112
111
119
97
110
105
101
109
46
32
74
101
103
111
32
112
111
100
115
116
97
119
111
119
101
32
107
111
110
99
101
112
99
106
101
32
122
111
115
116
97
322
121
32
112
114
122
101
106
281
116
101
32
122
32
106
281
122
121
107
97
32
83
109
97
108
108
116
97
108
107
32
40
109
97
115
122
121
110
97
32
119
105
114
116
117
97
108
110
97
44
32
122
97
114
122
261
100
122
97
110
105
101
32
112
97
109
105
281
99
105
261
41
32
111
114
97
122
32
122
32
106
281
122
121
107
97
32
67
43
43
32
40
100
117
380
97
32
99
122
281
347
263
32
115
107
322
97
100
110
105
32
105
32
115
322
243
119
32
107
108
117
99
122
111
119
121
99
104
41
46
